Year 1   40000.0   40800.0   41600.0
Year 2   40800.0   41616.0   42432.0
Year 3   41616.0   42448.32   43280.64
Year 4   42448.32   43297.29   44146.25
Year 5   43297.29   44163.23   45029.18
Year 6   44163.23   45046.5   45929.76
Year 7   45046.5   45947.43   46848.36
Year 8   45947.43   46866.38   47785.32
Year 9   46866.38   47803.7   48741.03
Year 10   47803.7   48759.78   49715.85
Year 11   48759.78   49734.97   50710.17
Year 12   49734.97   50729.67   51724.37
Year 13   50729.67   51744.27   52758.86
Year 14   51744.27   52779.15   53814.04
Year 15   52779.15   53834.73   54890.32
Year 16   53834.73   54911.43   55988.12
Year 17   54911.43   56009.66   57107.89
Year 18   56009.66   57129.85   58250.04
Year 19   57129.85   58272.45   59415.04
Year 20   58272.45   59437.9   60603.34